1.848306893780245763e-01
1.192450720634080363e-01
1.189712929491869992e-01
1.211500653827106699e-01
9.467679615567088369e-01
9.174531328984786294e-01
3.078596142630971588e-01
9.128486165392994331e-03
2.257177104594697836e-01
1.869369193967629905e-01
1.696035565707874893e-01
1.180880901474081063e-01
8.282027591121144949e-01
9.060882433036192285e-02
8.550646715511773799e-01
3.836658433300586118e-02
2.879826077937052142e-01
1.517927009833688057e-01
2.689205888778689602e-01
6.145884920302777804e-02
1.429994316902480078e-01
2.214818521096812987e-01
1.207313504432915990e-01
4.368658930077164160e-02
2.179432525311119084e-01
2.188780971228496408e-01
3.747429602706336960e-01
9.524493890575783106e-02
9.641411146109168939e-02
1.135007819455976230e-01
4.103868992253471570e-01
5.778125545351315839e-01
6.733223636827441461e-02
1.820762115212608001e-01
7.256597699452758954e-02
2.904645814219329325e-01
3.636137762747836955e-01
2.802502511413161868e-01
1.026729874708122991e-01
1.749777607179148209e-02
2.265624627102295618e-01
6.747018088376033340e-02
2.002202322923616606e-01
3.132809662606834689e-01
8.817433075682991339e-02
2.200508297993056528e-01
2.528357819551934615e-01
3.614023538979877631e-02
1.414444893343295706e-01
1.551589317912080712e-01
9.328551289882009989e-01
7.366555390631303046e-01
7.835301566609520485e-01
8.623647513262208131e-01
5.896458689607457782e-01
8.485572502130923622e-01
9.129889411090919005e-01
6.715611693869898424e-01
6.505000945937834400e-01
9.569874909625065706e-01
8.985210274633923522e-01
4.193474059242893182e-01
9.779993334920199510e-01
6.778968996109350220e-01
5.147011927578288848e-01
9.799013148168054244e-01
9.536337851019002221e-01
8.127704321897626372e-01
9.030667569405493866e-01
4.248884043880202799e-01
6.252247593330085840e-01
4.761907478278690209e-01
3.454961967297787706e-01
9.851965884042054311e-01
2.578541695526710420e-01
8.494738723163920424e-01
8.250470913467059519e-01
7.255325389972319128e-01
8.268815094811074462e-02
7.655216678135738917e-01
7.584590954516285954e-01
8.919152259858218468e-01
8.956204013609361247e-01
9.635357530538806170e-01
7.657068368156241256e-01
9.554915251733808734e-01
9.957761445775151765e-01
4.074284287812934835e-01
9.813931154087276454e-01
8.999501103416948089e-01
7.374370200581816803e-01
4.914270057263273594e-01
5.685515870484448842e-01
8.607610299618260186e-01
2.179965721502827580e-01
9.490646173230831151e-01
8.922801692024198150e-01
6.728473112913668785e-01
8.266722101639305542e-01
9.794470916086714940e-01
