8.395905142632904827e-02
4.127474977508555076e-01
2.118094104640165787e-01
6.138587879452023915e-02
4.316272162210995633e-01
1.892561851062969092e-01
9.996471730240990006e-01
1.700224202220767811e-01
4.510928148417209238e-02
3.194437691068789942e-01
8.113774406354237190e-01
6.280052973983905884e-02
2.777037133956793413e-01
1.717340822057850380e-01
9.388549732031682415e-01
6.148189734992862837e-02
2.134253049316387207e-01
3.052310206851404639e-01
7.764684253713056705e-01
1.797198617092762574e-01
2.535053608194625108e-01
4.592825783731262212e-02
1.907898460424479747e-01
3.624216270159806297e-01
1.158860843550291175e-01
3.031924934784665515e-01
4.170681467237957185e-01
3.637059713704195174e-02
3.273328428123704892e-02
1.249457505476208319e-01
4.877989008729948645e-02
8.181546626536703726e-02
4.169695829318585678e-02
2.281170657086801501e-01
7.361964332986044024e-01
3.598742111507897690e-01
7.438386523982205845e-02
4.661250944288288789e-01
1.009596822899875568e-01
4.905078929106641145e-02
2.394332082078713397e-01
4.266533413964713195e-01
7.963051705231261046e-02
9.596472267216560326e-02
9.144104634872837201e-01
4.383916139415645202e-02
1.643796562537352957e-01
8.681197575202802275e-02
7.182850097019041757e-02
2.407152513242504788e-01
9.997969348034316805e-01
1.932322135236117788e-01
9.996727589199582154e-01
3.894795521572647079e-01
8.518373732045076974e-01
8.968113748380740491e-01
7.202721416656903131e-01
6.053466696780068768e-01
6.427848509686941991e-01
9.497304660707140966e-01
8.275765228108994398e-01
8.430963508294675446e-01
1.820338915541477587e-01
8.807313420544234939e-01
9.644594097457773740e-01
6.514059246508423495e-01
8.289144615350909628e-01
9.986069504539742958e-01
3.793487226313728145e-01
9.482520791773217939e-01
9.774244086097936268e-01
3.118115951126378405e-01
6.300748685452955966e-01
4.262022474224838597e-01
8.020873870112297244e-01
9.912836017866897276e-01
7.102157301061512440e-01
4.702087207734529928e-01
9.820117305323934342e-01
2.498708403672276757e-01
1.602604830745714415e-01
9.998601128207125210e-01
9.681688044709713115e-01
9.343402462471661618e-01
5.085322634486370008e-01
8.780018336013216684e-01
8.046773702617192603e-01
6.498029884760189168e-01
7.525089868982313135e-01
9.999454554726517896e-01
2.342785725854246714e-01
7.147137626919062292e-01
6.953308880671178471e-01
8.041847088787816844e-01
8.354013748988725618e-01
5.220584791672651104e-01
5.029738557814038558e-01
7.232956640366021706e-01
9.979439320225363952e-01
4.142511836155008953e-01
