3.385696443090108754e-01
4.404783208492672048e-02
4.040890408968391551e-02
6.938101220621775700e-02
6.963215565500334436e-02
1.556254781114211894e-01
8.088014882537966632e-02
4.245859116999463334e-03
1.328307238667482681e-01
2.541355798125946933e-02
5.176085100640543529e-02
5.526272436830024365e-02
6.855958558972297112e-02
7.180016165448825649e-02
2.175436110496422812e-02
4.946747792647895881e-01
1.866259543032987994e-02
4.141194467861363665e-02
1.055460393369707095e-01
1.340992133779089421e-02
1.438954186217725542e-02
1.457645207380895425e-01
8.115744575477873424e-02
1.070943395183265034e-01
7.051019239198950961e-03
8.970619614142033224e-03
3.295701510093531489e-02
2.576240607636929303e-01
1.814921006519088290e-02
5.906281370397583608e-01
8.790904326833277882e-02
1.726906859059435320e-02
7.215140057243961402e-03
2.117441981304627602e-02
2.172800685010760346e-01
7.189445501376694192e-02
2.115977199864428338e-01
2.813455742376931301e-01
2.501097040246164083e-02
2.645471431750153271e-02
7.179319580980496329e-02
2.934936980887584840e-02
1.147125293755730212e-02
1.099341547427930554e-01
6.992846479920707126e-02
1.122534665354477518e-01
1.795745804141716390e-02
6.099312416234797460e-03
4.914297811158129664e-02
1.179240974155774113e+00
6.281554456560978217e-02
1.241324764769347055e-01
2.923194988325171842e-02
1.267208109001337901e-01
6.889142145729178213e-02
8.071498465432740826e-03
7.480014020522708640e-02
5.605691680421191758e-02
1.044703603389740554e-01
5.894919591804936854e-02
2.961118684574744545e-02
2.162045993151540113e-02
4.369667154079137292e-03
1.291739737459493220e+00
7.629761551648620577e-01
6.214174836012820169e-01
5.882257278046264526e-01
7.497732010804404323e-01
7.145637897881935707e-01
1.486065240800244380e+00
2.241920240078895787e+00
1.199006576719326533e+00
1.161399174740480156e+00
9.033794972952338131e-01
1.239735234234977224e+00
5.786065143051756232e-01
8.912744590697520009e-01
7.337251019444849254e-01
9.667144155158087226e-01
3.955787814144759995e-01
9.072660801254979202e-01
2.291089819199160882e+00
1.214015285062242322e+00
1.005518294732450801e+00
6.076581902271923630e-01
5.463246169489510695e-01
6.784996661692932474e-01
1.079862403979803043e+00
1.617486525240289463e+00
9.673284793033199991e-01
6.307163622028367778e-01
9.262548748860137682e-01
7.296848536990445666e-01
9.955284824690646683e-01
7.980329913246448914e-01
1.402446162909861460e+00
1.160080402928826748e+00
6.167062849178757133e-01
1.104304512139693939e+00
1.347519835294842538e+00
1.716210363536949890e+00
9.319220829350426394e-01
8.379747556288256183e-01
1.328177276209992375e+00
4.335882015501761333e-01
8.454694998204062006e-01
8.953022689582074145e-01
1.181786501676319379e+00
7.044995540249925359e-01
5.367277916288930584e-01
1.308031755660826967e+00
4.923500686737080634e-01
1.101990633639251094e+00
5.594073994231435476e-01
4.371567057150744784e-01
1.249394913063215595e+00
1.557403084780223601e+00
7.112068589102610305e-01
1.252071637622956590e+00
9.143572903313804678e-01
8.078671707430605808e-01
8.111506839080160347e-01
6.599465546370444358e-01
1.083073589307668838e+00
1.616316906167021727e+00
3.115177179053795209e-01
